01
02
03
04
05
06
07
11
12
13
14
15
16
17
18
19
110
111
112
113
114
115
116
117
118
119
120
121
122
123
124
125
126
127
128
129
130
131
132
133
134
135
136
137
138
21
22
23
24
25
26
27
28
29
210
211
212
213
214
215
216
217
218
219
220
221
222
223
224
225
226
31
32
33
34
35
36
37
38
39
310
41
42
43
44
45
46
47
48
49
410
411
412
413
414
415
416
417
51
52
53
54
55
56
57
58
59
510
511
512
513
514
515
516
517
518
519
520
521
522
523
524
525
526
527
61
62
63
64
65
66
67
68
69
610
611
612
613
614
615
616
617
618
619
620
621
622
623
624
625
626
627
628
629
630
631
71
72
73
74
75
76
77
78
79
710
711
712
713
714
81
82
83
84
85
86
87
88
89
810
811
812
813
91
92
93
94
95
96
97
98
99
910
911
912
913
914
915
916
917
918
919
920
921
922
923
924